6 
6 3 
6 5 
6 3 5 
6 19 
6 3 19 
6 5 19 
6 3 5 19 
6 1 
6 3 1 
6 5 1 
6 3 5 1 
6 19 1 
6 3 19 1 
6 5 19 1 
6 3 5 19 1 
6 14 
6 3 14 
6 5 14 
6 3 5 14 
6 19 14 
6 3 19 14 
6 5 19 14 
6 3 5 19 14 
6 1 14 
6 3 1 14 
6 5 1 14 
6 3 5 1 14 
6 19 1 14 
6 3 19 1 14 
6 5 19 1 14 
6 3 5 19 1 14 
6 12 
6 3 12 
6 5 12 
6 3 5 12 
6 19 12 
6 3 19 12 
6 5 19 12 
6 3 5 19 12 
6 1 12 
6 3 1 12 
6 5 1 12 
6 3 5 1 12 
6 19 1 12 
6 3 19 1 12 
6 5 19 1 12 
6 3 5 19 1 12 
6 14 12 
6 3 14 12 
6 5 14 12 
6 3 5 14 12 
6 19 14 12 
6 3 19 14 12 
6 5 19 14 12 
6 3 5 19 14 12 
6 1 14 12 
6 3 1 14 12 
6 5 1 14 12 
6 3 5 1 14 12 
6 19 1 14 12 
6 3 19 1 14 12 
6 5 19 1 14 12 
6 3 5 19 1 14 12 
6 17 
6 3 17 
6 5 17 
6 3 5 17 
6 19 17 
6 3 19 17 
6 5 19 17 
6 3 5 19 17 
6 1 17 
6 3 1 17 
6 5 1 17 
6 3 5 1 17 
6 19 1 17 
6 3 19 1 17 
6 5 19 1 17 
6 3 5 19 1 17 
6 14 17 
6 3 14 17 
6 5 14 17 
6 3 5 14 17 
6 19 14 17 
6 3 19 14 17 
6 5 19 14 17 
6 3 5 19 14 17 
6 1 14 17 
6 3 1 14 17 
6 5 1 14 17 
6 3 5 1 14 17 
6 19 1 14 17 
6 3 19 1 14 17 
6 5 19 1 14 17 
6 3 5 19 1 14 17 
6 12 17 
6 3 12 17 
6 5 12 17 
6 3 5 12 17 
6 19 12 17 
6 3 19 12 17 
6 5 19 12 17 
6 3 5 19 12 17 
6 1 12 17 
6 3 1 12 17 
6 5 1 12 17 
6 3 5 1 12 17 
6 19 1 12 17 
6 3 19 1 12 17 
6 5 19 1 12 17 
6 3 5 19 1 12 17 
6 14 12 17 
6 3 14 12 17 
6 5 14 12 17 
6 3 5 14 12 17 
6 19 14 12 17 
6 3 19 14 12 17 
6 5 19 14 12 17 
6 3 5 19 14 12 17 
6 1 14 12 17 
6 3 1 14 12 17 
6 5 1 14 12 17 
6 3 5 1 14 12 17 
6 19 1 14 12 17 
6 3 19 1 14 12 17 
6 5 19 1 14 12 17 
6 3 5 19 1 14 12 17 
6 16 
6 3 16 
6 5 16 
6 3 5 16 
6 19 16 
6 3 19 16 
6 5 19 16 
6 3 5 19 16 
6 1 16 
6 3 1 16 
6 5 1 16 
6 3 5 1 16 
6 19 1 16 
6 3 19 1 16 
6 5 19 1 16 
6 3 5 19 1 16 
6 14 16 
6 3 14 16 
6 5 14 16 
6 3 5 14 16 
6 19 14 16 
6 3 19 14 16 
6 5 19 14 16 
6 3 5 19 14 16 
6 1 14 16 
6 3 1 14 16 
6 5 1 14 16 
6 3 5 1 14 16 
6 19 1 14 16 
6 3 19 1 14 16 
6 5 19 1 14 16 
6 3 5 19 1 14 16 
6 12 16 
6 3 12 16 
6 5 12 16 
6 3 5 12 16 
6 19 12 16 
6 3 19 12 16 
6 5 19 12 16 
6 3 5 19 12 16 
6 1 12 16 
6 3 1 12 16 
6 5 1 12 16 
6 3 5 1 12 16 
6 19 1 12 16 
6 3 19 1 12 16 
6 5 19 1 12 16 
6 3 5 19 1 12 16 
6 14 12 16 
6 3 14 12 16 
6 5 14 12 16 
6 3 5 14 12 16 
6 19 14 12 16 
6 3 19 14 12 16 
6 5 19 14 12 16 
6 3 5 19 14 12 16 
6 1 14 12 16 
6 3 1 14 12 16 
6 5 1 14 12 16 
6 3 5 1 14 12 16 
6 19 1 14 12 16 
6 3 19 1 14 12 16 
6 5 19 1 14 12 16 
6 3 5 19 1 14 12 16 
6 17 16 
6 3 17 16 
6 5 17 16 
6 3 5 17 16 
6 19 17 16 
6 3 19 17 16 
6 5 19 17 16 
6 3 5 19 17 16 
6 1 17 16 
6 3 1 17 16 
6 5 1 17 16 
6 3 5 1 17 16 
6 19 1 17 16 
6 3 19 1 17 16 
6 5 19 1 17 16 
6 3 5 19 1 17 16 
6 14 17 16 
6 3 14 17 16 
6 5 14 17 16 
6 3 5 14 17 16 
6 19 14 17 16 
6 3 19 14 17 16 
6 5 19 14 17 16 
6 3 5 19 14 17 16 
6 1 14 17 16 
6 3 1 14 17 16 
6 5 1 14 17 16 
6 3 5 1 14 17 16 
6 19 1 14 17 16 
6 3 19 1 14 17 16 
6 5 19 1 14 17 16 
6 3 5 19 1 14 17 16 
6 12 17 16 
6 3 12 17 16 
6 5 12 17 16 
6 3 5 12 17 16 
6 19 12 17 16 
6 3 19 12 17 16 
6 5 19 12 17 16 
6 3 5 19 12 17 16 
6 1 12 17 16 
6 3 1 12 17 16 
6 5 1 12 17 16 
6 3 5 1 12 17 16 
6 19 1 12 17 16 
6 3 19 1 12 17 16 
6 5 19 1 12 17 16 
6 3 5 19 1 12 17 16 
6 14 12 17 16 
6 3 14 12 17 16 
6 5 14 12 17 16 
6 3 5 14 12 17 16 
6 19 14 12 17 16 
6 3 19 14 12 17 16 
6 5 19 14 12 17 16 
6 3 5 19 14 12 17 16 
6 1 14 12 17 16 
6 3 1 14 12 17 16 
6 5 1 14 12 17 16 
6 3 5 1 14 12 17 16 
6 19 1 14 12 17 16 
6 3 19 1 14 12 17 16 
6 5 19 1 14 12 17 16 
6 3 5 19 1 14 12 17 16 
6 15 
6 3 15 
6 5 15 
6 3 5 15 
6 19 15 
6 3 19 15 
6 5 19 15 
6 3 5 19 15 
6 1 15 
6 3 1 15 
6 5 1 15 
6 3 5 1 15 
6 19 1 15 
6 3 19 1 15 
6 5 19 1 15 
6 3 5 19 1 15 
6 14 15 
6 3 14 15 
6 5 14 15 
6 3 5 14 15 
6 19 14 15 
6 3 19 14 15 
6 5 19 14 15 
6 3 5 19 14 15 
6 1 14 15 
6 3 1 14 15 
6 5 1 14 15 
6 3 5 1 14 15 
6 19 1 14 15 
6 3 19 1 14 15 
6 5 19 1 14 15 
6 3 5 19 1 14 15 
6 12 15 
6 3 12 15 
6 5 12 15 
6 3 5 12 15 
6 19 12 15 
6 3 19 12 15 
6 5 19 12 15 
6 3 5 19 12 15 
6 1 12 15 
6 3 1 12 15 
6 5 1 12 15 
6 3 5 1 12 15 
6 19 1 12 15 
6 3 19 1 12 15 
6 5 19 1 12 15 
6 3 5 19 1 12 15 
6 14 12 15 
6 3 14 12 15 
6 5 14 12 15 
6 3 5 14 12 15 
6 19 14 12 15 
6 3 19 14 12 15 
6 5 19 14 12 15 
6 3 5 19 14 12 15 
6 1 14 12 15 
6 3 1 14 12 15 
6 5 1 14 12 15 
6 3 5 1 14 12 15 
6 19 1 14 12 15 
6 3 19 1 14 12 15 
6 5 19 1 14 12 15 
6 3 5 19 1 14 12 15 
6 17 15 
6 3 17 15 
6 5 17 15 
6 3 5 17 15 
6 19 17 15 
6 3 19 17 15 
6 5 19 17 15 
6 3 5 19 17 15 
6 1 17 15 
6 3 1 17 15 
6 5 1 17 15 
6 3 5 1 17 15 
6 19 1 17 15 
6 3 19 1 17 15 
6 5 19 1 17 15 
6 3 5 19 1 17 15 
6 14 17 15 
6 3 14 17 15 
6 5 14 17 15 
6 3 5 14 17 15 
6 19 14 17 15 
6 3 19 14 17 15 
6 5 19 14 17 15 
6 3 5 19 14 17 15 
6 1 14 17 15 
6 3 1 14 17 15 
6 5 1 14 17 15 
6 3 5 1 14 17 15 
6 19 1 14 17 15 
6 3 19 1 14 17 15 
6 5 19 1 14 17 15 
6 3 5 19 1 14 17 15 
6 12 17 15 
6 3 12 17 15 
6 5 12 17 15 
6 3 5 12 17 15 
6 19 12 17 15 
6 3 19 12 17 15 
6 5 19 12 17 15 
6 3 5 19 12 17 15 
6 1 12 17 15 
6 3 1 12 17 15 
6 5 1 12 17 15 
6 3 5 1 12 17 15 
6 19 1 12 17 15 
6 3 19 1 12 17 15 
6 5 19 1 12 17 15 
6 3 5 19 1 12 17 15 
6 14 12 17 15 
6 3 14 12 17 15 
6 5 14 12 17 15 
6 3 5 14 12 17 15 
6 19 14 12 17 15 
6 3 19 14 12 17 15 
6 5 19 14 12 17 15 
6 3 5 19 14 12 17 15 
6 1 14 12 17 15 
6 3 1 14 12 17 15 
6 5 1 14 12 17 15 
6 3 5 1 14 12 17 15 
6 19 1 14 12 17 15 
6 3 19 1 14 12 17 15 
6 5 19 1 14 12 17 15 
6 3 5 19 1 14 12 17 15 
6 16 15 
6 3 16 15 
6 5 16 15 
6 3 5 16 15 
6 19 16 15 
6 3 19 16 15 
6 5 19 16 15 
6 3 5 19 16 15 
6 1 16 15 
6 3 1 16 15 
6 5 1 16 15 
6 3 5 1 16 15 
6 19 1 16 15 
6 3 19 1 16 15 
6 5 19 1 16 15 
6 3 5 19 1 16 15 
6 14 16 15 
6 3 14 16 15 
6 5 14 16 15 
6 3 5 14 16 15 
6 19 14 16 15 
6 3 19 14 16 15 
6 5 19 14 16 15 
6 3 5 19 14 16 15 
6 1 14 16 15 
6 3 1 14 16 15 
6 5 1 14 16 15 
6 3 5 1 14 16 15 
6 19 1 14 16 15 
6 3 19 1 14 16 15 
6 5 19 1 14 16 15 
6 3 5 19 1 14 16 15 
6 12 16 15 
6 3 12 16 15 
6 5 12 16 15 
6 3 5 12 16 15 
6 19 12 16 15 
6 3 19 12 16 15 
6 5 19 12 16 15 
6 3 5 19 12 16 15 
6 1 12 16 15 
6 3 1 12 16 15 
6 5 1 12 16 15 
6 3 5 1 12 16 15 
6 19 1 12 16 15 
6 3 19 1 12 16 15 
6 5 19 1 12 16 15 
6 3 5 19 1 12 16 15 
6 14 12 16 15 
6 3 14 12 16 15 
6 5 14 12 16 15 
6 3 5 14 12 16 15 
6 19 14 12 16 15 
6 3 19 14 12 16 15 
6 5 19 14 12 16 15 
6 3 5 19 14 12 16 15 
6 1 14 12 16 15 
6 3 1 14 12 16 15 
6 5 1 14 12 16 15 
6 3 5 1 14 12 16 15 
6 19 1 14 12 16 15 
6 3 19 1 14 12 16 15 
6 5 19 1 14 12 16 15 
6 3 5 19 1 14 12 16 15 
6 17 16 15 
6 3 17 16 15 
6 5 17 16 15 
6 3 5 17 16 15 
6 19 17 16 15 
6 3 19 17 16 15 
6 5 19 17 16 15 
6 3 5 19 17 16 15 
6 1 17 16 15 
6 3 1 17 16 15 
6 5 1 17 16 15 
6 3 5 1 17 16 15 
6 19 1 17 16 15 
6 3 19 1 17 16 15 
6 5 19 1 17 16 15 
6 3 5 19 1 17 16 15 
6 14 17 16 15 
6 3 14 17 16 15 
6 5 14 17 16 15 
6 3 5 14 17 16 15 
6 19 14 17 16 15 
6 3 19 14 17 16 15 
6 5 19 14 17 16 15 
6 3 5 19 14 17 16 15 
6 1 14 17 16 15 
6 3 1 14 17 16 15 
6 5 1 14 17 16 15 
6 3 5 1 14 17 16 15 
6 19 1 14 17 16 15 
6 3 19 1 14 17 16 15 
6 5 19 1 14 17 16 15 
6 3 5 19 1 14 17 16 15 
6 12 17 16 15 
6 3 12 17 16 15 
6 5 12 17 16 15 
6 3 5 12 17 16 15 
6 19 12 17 16 15 
6 3 19 12 17 16 15 
6 5 19 12 17 16 15 
6 3 5 19 12 17 16 15 
6 1 12 17 16 15 
6 3 1 12 17 16 15 
6 5 1 12 17 16 15 
6 3 5 1 12 17 16 15 
6 19 1 12 17 16 15 
6 3 19 1 12 17 16 15 
6 5 19 1 12 17 16 15 
6 3 5 19 1 12 17 16 15 
6 14 12 17 16 15 
6 3 14 12 17 16 15 
6 5 14 12 17 16 15 
6 3 5 14 12 17 16 15 
6 19 14 12 17 16 15 
6 3 19 14 12 17 16 15 
6 5 19 14 12 17 16 15 
6 3 5 19 14 12 17 16 15 
6 1 14 12 17 16 15 
6 3 1 14 12 17 16 15 
6 5 1 14 12 17 16 15 
6 3 5 1 14 12 17 16 15 
6 19 1 14 12 17 16 15 
6 3 19 1 14 12 17 16 15 
6 5 19 1 14 12 17 16 15 
6 3 5 19 1 14 12 17 16 15 
6 11 
6 3 11 
6 5 11 
6 3 5 11 
6 19 11 
6 3 19 11 
6 5 19 11 
6 3 5 19 11 
6 1 11 
6 3 1 11 
6 5 1 11 
6 3 5 1 11 
6 19 1 11 
6 3 19 1 11 
6 5 19 1 11 
6 3 5 19 1 11 
6 14 11 
6 3 14 11 
6 5 14 11 
6 3 5 14 11 
6 19 14 11 
6 3 19 14 11 
6 5 19 14 11 
6 3 5 19 14 11 
6 1 14 11 
6 3 1 14 11 
6 5 1 14 11 
6 3 5 1 14 11 
6 19 1 14 11 
6 3 19 1 14 11 
6 5 19 1 14 11 
6 3 5 19 1 14 11 
6 12 11 
6 3 12 11 
6 5 12 11 
6 3 5 12 11 
6 19 12 11 
6 3 19 12 11 
6 5 19 12 11 
6 3 5 19 12 11 
6 1 12 11 
6 3 1 12 11 
6 5 1 12 11 
6 3 5 1 12 11 
6 19 1 12 11 
6 3 19 1 12 11 
6 5 19 1 12 11 
6 3 5 19 1 12 11 
6 14 12 11 
6 3 14 12 11 
6 5 14 12 11 
6 3 5 14 12 11 
6 19 14 12 11 
6 3 19 14 12 11 
6 5 19 14 12 11 
6 3 5 19 14 12 11 
6 1 14 12 11 
6 3 1 14 12 11 
6 5 1 14 12 11 
6 3 5 1 14 12 11 
6 19 1 14 12 11 
6 3 19 1 14 12 11 
6 5 19 1 14 12 11 
6 3 5 19 1 14 12 11 
6 17 11 
6 3 17 11 
6 5 17 11 
6 3 5 17 11 
6 19 17 11 
6 3 19 17 11 
6 5 19 17 11 
6 3 5 19 17 11 
6 1 17 11 
6 3 1 17 11 
6 5 1 17 11 
6 3 5 1 17 11 
6 19 1 17 11 
6 3 19 1 17 11 
6 5 19 1 17 11 
6 3 5 19 1 17 11 
6 14 17 11 
6 3 14 17 11 
6 5 14 17 11 
6 3 5 14 17 11 
6 19 14 17 11 
6 3 19 14 17 11 
6 5 19 14 17 11 
6 3 5 19 14 17 11 
6 1 14 17 11 
6 3 1 14 17 11 
6 5 1 14 17 11 
6 3 5 1 14 17 11 
6 19 1 14 17 11 
6 3 19 1 14 17 11 
6 5 19 1 14 17 11 
6 3 5 19 1 14 17 11 
6 12 17 11 
6 3 12 17 11 
6 5 12 17 11 
6 3 5 12 17 11 
6 19 12 17 11 
6 3 19 12 17 11 
6 5 19 12 17 11 
6 3 5 19 12 17 11 
6 1 12 17 11 
6 3 1 12 17 11 
6 5 1 12 17 11 
6 3 5 1 12 17 11 
6 19 1 12 17 11 
6 3 19 1 12 17 11 
6 5 19 1 12 17 11 
6 3 5 19 1 12 17 11 
6 14 12 17 11 
6 3 14 12 17 11 
6 5 14 12 17 11 
6 3 5 14 12 17 11 
6 19 14 12 17 11 
6 3 19 14 12 17 11 
6 5 19 14 12 17 11 
6 3 5 19 14 12 17 11 
6 1 14 12 17 11 
6 3 1 14 12 17 11 
6 5 1 14 12 17 11 
6 3 5 1 14 12 17 11 
6 19 1 14 12 17 11 
6 3 19 1 14 12 17 11 
6 5 19 1 14 12 17 11 
6 3 5 19 1 14 12 17 11 
6 16 11 
6 3 16 11 
6 5 16 11 
6 3 5 16 11 
6 19 16 11 
6 3 19 16 11 
6 5 19 16 11 
6 3 5 19 16 11 
6 1 16 11 
6 3 1 16 11 
6 5 1 16 11 
6 3 5 1 16 11 
6 19 1 16 11 
6 3 19 1 16 11 
6 5 19 1 16 11 
6 3 5 19 1 16 11 
6 14 16 11 
6 3 14 16 11 
6 5 14 16 11 
6 3 5 14 16 11 
6 19 14 16 11 
6 3 19 14 16 11 
6 5 19 14 16 11 
6 3 5 19 14 16 11 
6 1 14 16 11 
6 3 1 14 16 11 
6 5 1 14 16 11 
6 3 5 1 14 16 11 
6 19 1 14 16 11 
6 3 19 1 14 16 11 
6 5 19 1 14 16 11 
6 3 5 19 1 14 16 11 
6 12 16 11 
6 3 12 16 11 
6 5 12 16 11 
6 3 5 12 16 11 
6 19 12 16 11 
6 3 19 12 16 11 
6 5 19 12 16 11 
6 3 5 19 12 16 11 
6 1 12 16 11 
6 3 1 12 16 11 
6 5 1 12 16 11 
6 3 5 1 12 16 11 
6 19 1 12 16 11 
6 3 19 1 12 16 11 
6 5 19 1 12 16 11 
6 3 5 19 1 12 16 11 
6 14 12 16 11 
6 3 14 12 16 11 
6 5 14 12 16 11 
6 3 5 14 12 16 11 
6 19 14 12 16 11 
6 3 19 14 12 16 11 
6 5 19 14 12 16 11 
6 3 5 19 14 12 16 11 
6 1 14 12 16 11 
6 3 1 14 12 16 11 
6 5 1 14 12 16 11 
6 3 5 1 14 12 16 11 
6 19 1 14 12 16 11 
6 3 19 1 14 12 16 11 
6 5 19 1 14 12 16 11 
6 3 5 19 1 14 12 16 11 
6 17 16 11 
6 3 17 16 11 
6 5 17 16 11 
6 3 5 17 16 11 
6 19 17 16 11 
6 3 19 17 16 11 
6 5 19 17 16 11 
6 3 5 19 17 16 11 
6 1 17 16 11 
6 3 1 17 16 11 
6 5 1 17 16 11 
6 3 5 1 17 16 11 
6 19 1 17 16 11 
6 3 19 1 17 16 11 
6 5 19 1 17 16 11 
6 3 5 19 1 17 16 11 
6 14 17 16 11 
6 3 14 17 16 11 
6 5 14 17 16 11 
6 3 5 14 17 16 11 
6 19 14 17 16 11 
6 3 19 14 17 16 11 
6 5 19 14 17 16 11 
6 3 5 19 14 17 16 11 
6 1 14 17 16 11 
6 3 1 14 17 16 11 
6 5 1 14 17 16 11 
6 3 5 1 14 17 16 11 
6 19 1 14 17 16 11 
6 3 19 1 14 17 16 11 
6 5 19 1 14 17 16 11 
6 3 5 19 1 14 17 16 11 
6 12 17 16 11 
6 3 12 17 16 11 
6 5 12 17 16 11 
6 3 5 12 17 16 11 
6 19 12 17 16 11 
6 3 19 12 17 16 11 
6 5 19 12 17 16 11 
6 3 5 19 12 17 16 11 
6 1 12 17 16 11 
6 3 1 12 17 16 11 
6 5 1 12 17 16 11 
6 3 5 1 12 17 16 11 
6 19 1 12 17 16 11 
6 3 19 1 12 17 16 11 
6 5 19 1 12 17 16 11 
6 3 5 19 1 12 17 16 11 
6 14 12 17 16 11 
6 3 14 12 17 16 11 
6 5 14 12 17 16 11 
6 3 5 14 12 17 16 11 
6 19 14 12 17 16 11 
6 3 19 14 12 17 16 11 
6 5 19 14 12 17 16 11 
6 3 5 19 14 12 17 16 11 
6 1 14 12 17 16 11 
6 3 1 14 12 17 16 11 
6 5 1 14 12 17 16 11 
6 3 5 1 14 12 17 16 11 
6 19 1 14 12 17 16 11 
6 3 19 1 14 12 17 16 11 
6 5 19 1 14 12 17 16 11 
6 3 5 19 1 14 12 17 16 11 
6 15 11 
6 3 15 11 
6 5 15 11 
6 3 5 15 11 
6 19 15 11 
6 3 19 15 11 
6 5 19 15 11 
6 3 5 19 15 11 
6 1 15 11 
6 3 1 15 11 
6 5 1 15 11 
6 3 5 1 15 11 
6 19 1 15 11 
6 3 19 1 15 11 
6 5 19 1 15 11 
6 3 5 19 1 15 11 
6 14 15 11 
6 3 14 15 11 
6 5 14 15 11 
6 3 5 14 15 11 
6 19 14 15 11 
6 3 19 14 15 11 
6 5 19 14 15 11 
6 3 5 19 14 15 11 
6 1 14 15 11 
6 3 1 14 15 11 
6 5 1 14 15 11 
6 3 5 1 14 15 11 
6 19 1 14 15 11 
6 3 19 1 14 15 11 
6 5 19 1 14 15 11 
6 3 5 19 1 14 15 11 
6 12 15 11 
6 3 12 15 11 
6 5 12 15 11 
6 3 5 12 15 11 
6 19 12 15 11 
6 3 19 12 15 11 
6 5 19 12 15 11 
6 3 5 19 12 15 11 
6 1 12 15 11 
6 3 1 12 15 11 
6 5 1 12 15 11 
6 3 5 1 12 15 11 
6 19 1 12 15 11 
6 3 19 1 12 15 11 
6 5 19 1 12 15 11 
6 3 5 19 1 12 15 11 
6 14 12 15 11 
6 3 14 12 15 11 
6 5 14 12 15 11 
6 3 5 14 12 15 11 
6 19 14 12 15 11 
6 3 19 14 12 15 11 
6 5 19 14 12 15 11 
6 3 5 19 14 12 15 11 
6 1 14 12 15 11 
6 3 1 14 12 15 11 
6 5 1 14 12 15 11 
6 3 5 1 14 12 15 11 
6 19 1 14 12 15 11 
6 3 19 1 14 12 15 11 
6 5 19 1 14 12 15 11 
6 3 5 19 1 14 12 15 11 
6 17 15 11 
6 3 17 15 11 
6 5 17 15 11 
6 3 5 17 15 11 
6 19 17 15 11 
6 3 19 17 15 11 
6 5 19 17 15 11 
6 3 5 19 17 15 11 
6 1 17 15 11 
6 3 1 17 15 11 
6 5 1 17 15 11 
6 3 5 1 17 15 11 
6 19 1 17 15 11 
6 3 19 1 17 15 11 
6 5 19 1 17 15 11 
6 3 5 19 1 17 15 11 
6 14 17 15 11 
6 3 14 17 15 11 
6 5 14 17 15 11 
6 3 5 14 17 15 11 
6 19 14 17 15 11 
6 3 19 14 17 15 11 
6 5 19 14 17 15 11 
6 3 5 19 14 17 15 11 
6 1 14 17 15 11 
6 3 1 14 17 15 11 
6 5 1 14 17 15 11 
6 3 5 1 14 17 15 11 
6 19 1 14 17 15 11 
6 3 19 1 14 17 15 11 
6 5 19 1 14 17 15 11 
6 3 5 19 1 14 17 15 11 
6 12 17 15 11 
6 3 12 17 15 11 
6 5 12 17 15 11 
6 3 5 12 17 15 11 
6 19 12 17 15 11 
6 3 19 12 17 15 11 
6 5 19 12 17 15 11 
6 3 5 19 12 17 15 11 
6 1 12 17 15 11 
6 3 1 12 17 15 11 
6 5 1 12 17 15 11 
6 3 5 1 12 17 15 11 
6 19 1 12 17 15 11 
6 3 19 1 12 17 15 11 
6 5 19 1 12 17 15 11 
6 3 5 19 1 12 17 15 11 
6 14 12 17 15 11 
6 3 14 12 17 15 11 
6 5 14 12 17 15 11 
6 3 5 14 12 17 15 11 
6 19 14 12 17 15 11 
6 3 19 14 12 17 15 11 
6 5 19 14 12 17 15 11 
6 3 5 19 14 12 17 15 11 
6 1 14 12 17 15 11 
6 3 1 14 12 17 15 11 
6 5 1 14 12 17 15 11 
6 3 5 1 14 12 17 15 11 
6 19 1 14 12 17 15 11 
6 3 19 1 14 12 17 15 11 
6 5 19 1 14 12 17 15 11 
6 3 5 19 1 14 12 17 15 11 
6 16 15 11 
6 3 16 15 11 
6 5 16 15 11 
6 3 5 16 15 11 
6 19 16 15 11 
6 3 19 16 15 11 
6 5 19 16 15 11 
6 3 5 19 16 15 11 
6 1 16 15 11 
6 3 1 16 15 11 
6 5 1 16 15 11 
6 3 5 1 16 15 11 
6 19 1 16 15 11 
6 3 19 1 16 15 11 
6 5 19 1 16 15 11 
6 3 5 19 1 16 15 11 
6 14 16 15 11 
6 3 14 16 15 11 
6 5 14 16 15 11 
6 3 5 14 16 15 11 
6 19 14 16 15 11 
6 3 19 14 16 15 11 
6 5 19 14 16 15 11 
6 3 5 19 14 16 15 11 
6 1 14 16 15 11 
6 3 1 14 16 15 11 
6 5 1 14 16 15 11 
6 3 5 1 14 16 15 11 
6 19 1 14 16 15 11 
6 3 19 1 14 16 15 11 
6 5 19 1 14 16 15 11 
6 3 5 19 1 14 16 15 11 
6 12 16 15 11 
6 3 12 16 15 11 
6 5 12 16 15 11 
6 3 5 12 16 15 11 
6 19 12 16 15 11 
6 3 19 12 16 15 11 
6 5 19 12 16 15 11 
6 3 5 19 12 16 15 11 
6 1 12 16 15 11 
6 3 1 12 16 15 11 
6 5 1 12 16 15 11 
6 3 5 1 12 16 15 11 
6 19 1 12 16 15 11 
6 3 19 1 12 16 15 11 
6 5 19 1 12 16 15 11 
6 3 5 19 1 12 16 15 11 
6 14 12 16 15 11 
6 3 14 12 16 15 11 
6 5 14 12 16 15 11 
6 3 5 14 12 16 15 11 
6 19 14 12 16 15 11 
6 3 19 14 12 16 15 11 
6 5 19 14 12 16 15 11 
6 3 5 19 14 12 16 15 11 
6 1 14 12 16 15 11 
6 3 1 14 12 16 15 11 
6 5 1 14 12 16 15 11 
6 3 5 1 14 12 16 15 11 
6 19 1 14 12 16 15 11 
6 3 19 1 14 12 16 15 11 
6 5 19 1 14 12 16 15 11 
6 3 5 19 1 14 12 16 15 11 
6 17 16 15 11 
6 3 17 16 15 11 
6 5 17 16 15 11 
6 3 5 17 16 15 11 
6 19 17 16 15 11 
6 3 19 17 16 15 11 
6 5 19 17 16 15 11 
6 3 5 19 17 16 15 11 
6 1 17 16 15 11 
6 3 1 17 16 15 11 
6 5 1 17 16 15 11 
6 3 5 1 17 16 15 11 
6 19 1 17 16 15 11 
6 3 19 1 17 16 15 11 
6 5 19 1 17 16 15 11 
6 3 5 19 1 17 16 15 11 
6 14 17 16 15 11 
6 3 14 17 16 15 11 
6 5 14 17 16 15 11 
6 3 5 14 17 16 15 11 
6 19 14 17 16 15 11 
6 3 19 14 17 16 15 11 
6 5 19 14 17 16 15 11 
6 3 5 19 14 17 16 15 11 
6 1 14 17 16 15 11 
6 3 1 14 17 16 15 11 
6 5 1 14 17 16 15 11 
6 3 5 1 14 17 16 15 11 
6 19 1 14 17 16 15 11 
6 3 19 1 14 17 16 15 11 
6 5 19 1 14 17 16 15 11 
6 3 5 19 1 14 17 16 15 11 
6 12 17 16 15 11 
6 3 12 17 16 15 11 
6 5 12 17 16 15 11 
6 3 5 12 17 16 15 11 
6 19 12 17 16 15 11 
6 3 19 12 17 16 15 11 
6 5 19 12 17 16 15 11 
6 3 5 19 12 17 16 15 11 
6 1 12 17 16 15 11 
6 3 1 12 17 16 15 11 
6 5 1 12 17 16 15 11 
6 3 5 1 12 17 16 15 11 
6 19 1 12 17 16 15 11 
6 3 19 1 12 17 16 15 11 
6 5 19 1 12 17 16 15 11 
6 3 5 19 1 12 17 16 15 11 
6 14 12 17 16 15 11 
6 3 14 12 17 16 15 11 
6 5 14 12 17 16 15 11 
6 3 5 14 12 17 16 15 11 
6 19 14 12 17 16 15 11 
6 3 19 14 12 17 16 15 11 
6 5 19 14 12 17 16 15 11 
6 3 5 19 14 12 17 16 15 11 
6 1 14 12 17 16 15 11 
6 3 1 14 12 17 16 15 11 
6 5 1 14 12 17 16 15 11 
6 3 5 1 14 12 17 16 15 11 
6 19 1 14 12 17 16 15 11 
6 3 19 1 14 12 17 16 15 11 
6 5 19 1 14 12 17 16 15 11 
6 3 5 19 1 14 12 17 16 15 11 
6 10 
6 3 10 
6 5 10 
6 3 5 10 
6 19 10 
6 3 19 10 
6 5 19 10 
6 3 5 19 10 
6 1 10 
6 3 1 10 
6 5 1 10 
6 3 5 1 10 
6 19 1 10 
6 3 19 1 10 
6 5 19 1 10 
6 3 5 19 1 10 
6 14 10 
6 3 14 10 
6 5 14 10 
6 3 5 14 10 
6 19 14 10 
6 3 19 14 10 
6 5 19 14 10 
6 3 5 19 14 10 
6 1 14 10 
6 3 1 14 10 
6 5 1 14 10 
6 3 5 1 14 10 
6 19 1 14 10 
6 3 19 1 14 10 
6 5 19 1 14 10 
6 3 5 19 1 14 10 
6 12 10 
6 3 12 10 
6 5 12 10 
6 3 5 12 10 
6 19 12 10 
6 3 19 12 10 
6 5 19 12 10 
6 3 5 19 12 10 
6 1 12 10 
6 3 1 12 10 
6 5 1 12 10 
6 3 5 1 12 10 
6 19 1 12 10 
6 3 19 1 12 10 
6 5 19 1 12 10 
6 3 5 19 1 12 10 
6 14 12 10 
6 3 14 12 10 
6 5 14 12 10 
6 3 5 14 12 10 
6 19 14 12 10 
6 3 19 14 12 10 
6 5 19 14 12 10 
6 3 5 19 14 12 10 
6 1 14 12 10 
6 3 1 14 12 10 
6 5 1 14 12 10 
6 3 5 1 14 12 10 
6 19 1 14 12 10 
6 3 19 1 14 12 10 
6 5 19 1 14 12 10 
6 3 5 19 1 14 12 10 
6 17 10 
6 3 17 10 
6 5 17 10 
6 3 5 17 10 
6 19 17 10 
6 3 19 17 10 
6 5 19 17 10 
6 3 5 19 17 10 
6 1 17 10 
6 3 1 17 10 
6 5 1 17 10 
6 3 5 1 17 10 
6 19 1 17 10 
6 3 19 1 17 10 
6 5 19 1 17 10 
6 3 5 19 1 17 10 
6 14 17 10 
6 3 14 17 10 
6 5 14 17 10 
6 3 5 14 17 10 
6 19 14 17 10 
6 3 19 14 17 10 
6 5 19 14 17 10 
6 3 5 19 14 17 10 
6 1 14 17 10 
6 3 1 14 17 10 
6 5 1 14 17 10 
6 3 5 1 14 17 10 
6 19 1 14 17 10 
6 3 19 1 14 17 10 
6 5 19 1 14 17 10 
6 3 5 19 1 14 17 10 
6 12 17 10 
6 3 12 17 10 
6 5 12 17 10 
6 3 5 12 17 10 
6 19 12 17 10 
6 3 19 12 17 10 
6 5 19 12 17 10 
6 3 5 19 12 17 10 
6 1 12 17 10 
6 3 1 12 17 10 
6 5 1 12 17 10 
6 3 5 1 12 17 10 
6 19 1 12 17 10 
6 3 19 1 12 17 10 
6 5 19 1 12 17 10 
6 3 5 19 1 12 17 10 
6 14 12 17 10 
6 3 14 12 17 10 
6 5 14 12 17 10 
6 3 5 14 12 17 10 
6 19 14 12 17 10 
6 3 19 14 12 17 10 
6 5 19 14 12 17 10 
6 3 5 19 14 12 17 10 
6 1 14 12 17 10 
6 3 1 14 12 17 10 
6 5 1 14 12 17 10 
6 3 5 1 14 12 17 10 
6 19 1 14 12 17 10 
6 3 19 1 14 12 17 10 
6 5 19 1 14 12 17 10 
6 3 5 19 1 14 12 17 10 
6 16 10 
6 3 16 10 
6 5 16 10 
6 3 5 16 10 
6 19 16 10 
6 3 19 16 10 
6 5 19 16 10 
6 3 5 19 16 10 
6 1 16 10 
6 3 1 16 10 
6 5 1 16 10 
6 3 5 1 16 10 
6 19 1 16 10 
6 3 19 1 16 10 
6 5 19 1 16 10 
6 3 5 19 1 16 10 
6 14 16 10 
6 3 14 16 10 
6 5 14 16 10 
6 3 5 14 16 10 
6 19 14 16 10 
6 3 19 14 16 10 
6 5 19 14 16 10 
6 3 5 19 14 16 10 
6 1 14 16 10 
6 3 1 14 16 10 
6 5 1 14 16 10 
6 3 5 1 14 16 10 
6 19 1 14 16 10 
6 3 19 1 14 16 10 
6 5 19 1 14 16 10 
6 3 5 19 1 14 16 10 
6 12 16 10 
6 3 12 16 10 
6 5 12 16 10 
6 3 5 12 16 10 
6 19 12 16 10 
6 3 19 12 16 10 
6 5 19 12 16 10 
6 3 5 19 12 16 10 
6 1 12 16 10 
6 3 1 12 16 10 
6 5 1 12 16 10 
6 3 5 1 12 16 10 
6 19 1 12 16 10 
6 3 19 1 12 16 10 
6 5 19 1 12 16 10 
6 3 5 19 1 12 16 10 
6 14 12 16 10 
6 3 14 12 16 10 
6 5 14 12 16 10 
6 3 5 14 12 16 10 
6 19 14 12 16 10 
6 3 19 14 12 16 10 
6 5 19 14 12 16 10 
6 3 5 19 14 12 16 10 
6 1 14 12 16 10 
6 3 1 14 12 16 10 
6 5 1 14 12 16 10 
6 3 5 1 14 12 16 10 
6 19 1 14 12 16 10 
6 3 19 1 14 12 16 10 
6 5 19 1 14 12 16 10 
6 3 5 19 1 14 12 16 10 
6 17 16 10 
6 3 17 16 10 
6 5 17 16 10 
6 3 5 17 16 10 
6 19 17 16 10 
6 3 19 17 16 10 
6 5 19 17 16 10 
6 3 5 19 17 16 10 
6 1 17 16 10 
6 3 1 17 16 10 
6 5 1 17 16 10 
6 3 5 1 17 16 10 
6 19 1 17 16 10 
6 3 19 1 17 16 10 
6 5 19 1 17 16 10 
6 3 5 19 1 17 16 10 
6 14 17 16 10 
6 3 14 17 16 10 
6 5 14 17 16 10 
6 3 5 14 17 16 10 
6 19 14 17 16 10 
6 3 19 14 17 16 10 
6 5 19 14 17 16 10 
6 3 5 19 14 17 16 10 
6 1 14 17 16 10 
6 3 1 14 17 16 10 
6 5 1 14 17 16 10 
6 3 5 1 14 17 16 10 
6 19 1 14 17 16 10 
6 3 19 1 14 17 16 10 
6 5 19 1 14 17 16 10 
6 3 5 19 1 14 17 16 10 
6 12 17 16 10 
6 3 12 17 16 10 
6 5 12 17 16 10 
6 3 5 12 17 16 10 
6 19 12 17 16 10 
6 3 19 12 17 16 10 
6 5 19 12 17 16 10 
6 3 5 19 12 17 16 10 
6 1 12 17 16 10 
6 3 1 12 17 16 10 
6 5 1 12 17 16 10 
6 3 5 1 12 17 16 10 
6 19 1 12 17 16 10 
6 3 19 1 12 17 16 10 
6 5 19 1 12 17 16 10 
6 3 5 19 1 12 17 16 10 
6 14 12 17 16 10 
6 3 14 12 17 16 10 
6 5 14 12 17 16 10 
6 3 5 14 12 17 16 10 
6 19 14 12 17 16 10 
6 3 19 14 12 17 16 10 
6 5 19 14 12 17 16 10 
6 3 5 19 14 12 17 16 10 
6 1 14 12 17 16 10 
6 3 1 14 12 17 16 10 
6 5 1 14 12 17 16 10 
6 3 5 1 14 12 17 16 10 
6 19 1 14 12 17 16 10 
6 3 19 1 14 12 17 16 10 
6 5 19 1 14 12 17 16 10 
6 3 5 19 1 14 12 17 16 10 
6 15 10 
6 3 15 10 
6 5 15 10 
6 3 5 15 10 
6 19 15 10 
6 3 19 15 10 
6 5 19 15 10 
6 3 5 19 15 10 
6 1 15 10 
6 3 1 15 10 
6 5 1 15 10 
6 3 5 1 15 10 
6 19 1 15 10 
6 3 19 1 15 10 
6 5 19 1 15 10 
6 3 5 19 1 15 10 
6 14 15 10 
6 3 14 15 10 
6 5 14 15 10 
6 3 5 14 15 10 
6 19 14 15 10 
6 3 19 14 15 10 
6 5 19 14 15 10 
6 3 5 19 14 15 10 
6 1 14 15 10 
6 3 1 14 15 10 
6 5 1 14 15 10 
6 3 5 1 14 15 10 
6 19 1 14 15 10 
6 3 19 1 14 15 10 
6 5 19 1 14 15 10 
6 3 5 19 1 14 15 10 
6 12 15 10 
6 3 12 15 10 
6 5 12 15 10 
6 3 5 12 15 10 
6 19 12 15 10 
6 3 19 12 15 10 
6 5 19 12 15 10 
6 3 5 19 12 15 10 
6 1 12 15 10 
6 3 1 12 15 10 
6 5 1 12 15 10 
6 3 5 1 12 15 10 
6 19 1 12 15 10 
6 3 19 1 12 15 10 
6 5 19 1 12 15 10 
6 3 5 19 1 12 15 10 
6 14 12 15 10 
6 3 14 12 15 10 
6 5 14 12 15 10 
6 3 5 14 12 15 10 
6 19 14 12 15 10 
6 3 19 14 12 15 10 
6 5 19 14 12 15 10 
6 3 5 19 14 12 15 10 
6 1 14 12 15 10 
6 3 1 14 12 15 10 
6 5 1 14 12 15 10 
6 3 5 1 14 12 15 10 
6 19 1 14 12 15 10 
6 3 19 1 14 12 15 10 
6 5 19 1 14 12 15 10 
6 3 5 19 1 14 12 15 10 
6 17 15 10 
6 3 17 15 10 
6 5 17 15 10 
6 3 5 17 15 10 
6 19 17 15 10 
6 3 19 17 15 10 
6 5 19 17 15 10 
6 3 5 19 17 15 10 
6 1 17 15 10 
6 3 1 17 15 10 
6 5 1 17 15 10 
6 3 5 1 17 15 10 
6 19 1 17 15 10 
6 3 19 1 17 15 10 
6 5 19 1 17 15 10 
6 3 5 19 1 17 15 10 
6 14 17 15 10 
6 3 14 17 15 10 
6 5 14 17 15 10 
6 3 5 14 17 15 10 
6 19 14 17 15 10 
6 3 19 14 17 15 10 
6 5 19 14 17 15 10 
6 3 5 19 14 17 15 10 
6 1 14 17 15 10 
6 3 1 14 17 15 10 
6 5 1 14 17 15 10 
6 3 5 1 14 17 15 10 
6 19 1 14 17 15 10 
6 3 19 1 14 17 15 10 
6 5 19 1 14 17 15 10 
6 3 5 19 1 14 17 15 10 
6 12 17 15 10 
6 3 12 17 15 10 
6 5 12 17 15 10 
6 3 5 12 17 15 10 
6 19 12 17 15 10 
6 3 19 12 17 15 10 
6 5 19 12 17 15 10 
6 3 5 19 12 17 15 10 
6 1 12 17 15 10 
6 3 1 12 17 15 10 
6 5 1 12 17 15 10 
6 3 5 1 12 17 15 10 
6 19 1 12 17 15 10 
6 3 19 1 12 17 15 10 
6 5 19 1 12 17 15 10 
6 3 5 19 1 12 17 15 10 
6 14 12 17 15 10 
6 3 14 12 17 15 10 
6 5 14 12 17 15 10 
6 3 5 14 12 17 15 10 
6 19 14 12 17 15 10 
6 3 19 14 12 17 15 10 
6 5 19 14 12 17 15 10 
6 3 5 19 14 12 17 15 10 
6 1 14 12 17 15 10 
6 3 1 14 12 17 15 10 
6 5 1 14 12 17 15 10 
6 3 5 1 14 12 17 15 10 
6 19 1 14 12 17 15 10 
6 3 19 1 14 12 17 15 10 
6 5 19 1 14 12 17 15 10 
6 3 5 19 1 14 12 17 15 10 
6 16 15 10 
6 3 16 15 10 
6 5 16 15 10 
6 3 5 16 15 10 
6 19 16 15 10 
6 3 19 16 15 10 
6 5 19 16 15 10 
6 3 5 19 16 15 10 
6 1 16 15 10 
6 3 1 16 15 10 
6 5 1 16 15 10 
6 3 5 1 16 15 10 
6 19 1 16 15 10 
6 3 19 1 16 15 10 
6 5 19 1 16 15 10 
6 3 5 19 1 16 15 10 
6 14 16 15 10 
6 3 14 16 15 10 
6 5 14 16 15 10 
6 3 5 14 16 15 10 
6 19 14 16 15 10 
6 3 19 14 16 15 10 
6 5 19 14 16 15 10 
6 3 5 19 14 16 15 10 
6 1 14 16 15 10 
6 3 1 14 16 15 10 
6 5 1 14 16 15 10 
6 3 5 1 14 16 15 10 
6 19 1 14 16 15 10 
6 3 19 1 14 16 15 10 
6 5 19 1 14 16 15 10 
6 3 5 19 1 14 16 15 10 
6 12 16 15 10 
6 3 12 16 15 10 
6 5 12 16 15 10 
6 3 5 12 16 15 10 
6 19 12 16 15 10 
6 3 19 12 16 15 10 
6 5 19 12 16 15 10 
6 3 5 19 12 16 15 10 
6 1 12 16 15 10 
6 3 1 12 16 15 10 
6 5 1 12 16 15 10 
6 3 5 1 12 16 15 10 
6 19 1 12 16 15 10 
6 3 19 1 12 16 15 10 
6 5 19 1 12 16 15 10 
6 3 5 19 1 12 16 15 10 
6 14 12 16 15 10 
6 3 14 12 16 15 10 
6 5 14 12 16 15 10 
6 3 5 14 12 16 15 10 
6 19 14 12 16 15 10 
6 3 19 14 12 16 15 10 
6 5 19 14 12 16 15 10 
6 3 5 19 14 12 16 15 10 
6 1 14 12 16 15 10 
6 3 1 14 12 16 15 10 
6 5 1 14 12 16 15 10 
6 3 5 1 14 12 16 15 10 
6 19 1 14 12 16 15 10 
6 3 19 1 14 12 16 15 10 
6 5 19 1 14 12 16 15 10 
6 3 5 19 1 14 12 16 15 10 
6 17 16 15 10 
6 3 17 16 15 10 
6 5 17 16 15 10 
6 3 5 17 16 15 10 
6 19 17 16 15 10 
6 3 19 17 16 15 10 
6 5 19 17 16 15 10 
6 3 5 19 17 16 15 10 
6 1 17 16 15 10 
6 3 1 17 16 15 10 
6 5 1 17 16 15 10 
6 3 5 1 17 16 15 10 
6 19 1 17 16 15 10 
6 3 19 1 17 16 15 10 
6 5 19 1 17 16 15 10 
6 3 5 19 1 17 16 15 10 
6 14 17 16 15 10 
6 3 14 17 16 15 10 
6 5 14 17 16 15 10 
6 3 5 14 17 16 15 10 
6 19 14 17 16 15 10 
6 3 19 14 17 16 15 10 
6 5 19 14 17 16 15 10 
6 3 5 19 14 17 16 15 10 
6 1 14 17 16 15 10 
6 3 1 14 17 16 15 10 
6 5 1 14 17 16 15 10 
6 3 5 1 14 17 16 15 10 
6 19 1 14 17 16 15 10 
6 3 19 1 14 17 16 15 10 
6 5 19 1 14 17 16 15 10 
6 3 5 19 1 14 17 16 15 10 
6 12 17 16 15 10 
6 3 12 17 16 15 10 
6 5 12 17 16 15 10 
6 3 5 12 17 16 15 10 
6 19 12 17 16 15 10 
6 3 19 12 17 16 15 10 
6 5 19 12 17 16 15 10 
6 3 5 19 12 17 16 15 10 
6 1 12 17 16 15 10 
6 3 1 12 17 16 15 10 
6 5 1 12 17 16 15 10 
6 3 5 1 12 17 16 15 10 
6 19 1 12 17 16 15 10 
6 3 19 1 12 17 16 15 10 
6 5 19 1 12 17 16 15 10 
6 3 5 19 1 12 17 16 15 10 
6 14 12 17 16 15 10 
6 3 14 12 17 16 15 10 
6 5 14 12 17 16 15 10 
6 3 5 14 12 17 16 15 10 
6 19 14 12 17 16 15 10 
6 3 19 14 12 17 16 15 10 
6 5 19 14 12 17 16 15 10 
6 3 5 19 14 12 17 16 15 10 
6 1 14 12 17 16 15 10 
6 3 1 14 12 17 16 15 10 
6 5 1 14 12 17 16 15 10 
6 3 5 1 14 12 17 16 15 10 
6 19 1 14 12 17 16 15 10 
6 3 19 1 14 12 17 16 15 10 
6 5 19 1 14 12 17 16 15 10 
6 3 5 19 1 14 12 17 16 15 10 
6 11 10 
6 3 11 10 
6 5 11 10 
6 3 5 11 10 
6 19 11 10 
6 3 19 11 10 
6 5 19 11 10 
6 3 5 19 11 10 
6 1 11 10 
6 3 1 11 10 
6 5 1 11 10 
6 3 5 1 11 10 
6 19 1 11 10 
6 3 19 1 11 10 
6 5 19 1 11 10 
6 3 5 19 1 11 10 
6 14 11 10 
6 3 14 11 10 
6 5 14 11 10 
6 3 5 14 11 10 
6 19 14 11 10 
6 3 19 14 11 10 
6 5 19 14 11 10 
6 3 5 19 14 11 10 
6 1 14 11 10 
6 3 1 14 11 10 
6 5 1 14 11 10 
6 3 5 1 14 11 10 
6 19 1 14 11 10 
6 3 19 1 14 11 10 
6 5 19 1 14 11 10 
6 3 5 19 1 14 11 10 
6 12 11 10 
6 3 12 11 10 
6 5 12 11 10 
6 3 5 12 11 10 
6 19 12 11 10 
6 3 19 12 11 10 
6 5 19 12 11 10 
6 3 5 19 12 11 10 
6 1 12 11 10 
6 3 1 12 11 10 
6 5 1 12 11 10 
6 3 5 1 12 11 10 
6 19 1 12 11 10 
6 3 19 1 12 11 10 
6 5 19 1 12 11 10 
6 3 5 19 1 12 11 10 
6 14 12 11 10 
6 3 14 12 11 10 
6 5 14 12 11 10 
6 3 5 14 12 11 10 
6 19 14 12 11 10 
6 3 19 14 12 11 10 
6 5 19 14 12 11 10 
6 3 5 19 14 12 11 10 
6 1 14 12 11 10 
6 3 1 14 12 11 10 
6 5 1 14 12 11 10 
6 3 5 1 14 12 11 10 
6 19 1 14 12 11 10 
6 3 19 1 14 12 11 10 
6 5 19 1 14 12 11 10 
6 3 5 19 1 14 12 11 10 
6 17 11 10 
6 3 17 11 10 
6 5 17 11 10 
6 3 5 17 11 10 
6 19 17 11 10 
6 3 19 17 11 10 
6 5 19 17 11 10 
6 3 5 19 17 11 10 
6 1 17 11 10 
6 3 1 17 11 10 
6 5 1 17 11 10 
6 3 5 1 17 11 10 
6 19 1 17 11 10 
6 3 19 1 17 11 10 
6 5 19 1 17 11 10 
6 3 5 19 1 17 11 10 
6 14 17 11 10 
6 3 14 17 11 10 
6 5 14 17 11 10 
6 3 5 14 17 11 10 
6 19 14 17 11 10 
6 3 19 14 17 11 10 
6 5 19 14 17 11 10 
6 3 5 19 14 17 11 10 
6 1 14 17 11 10 
6 3 1 14 17 11 10 
6 5 1 14 17 11 10 
6 3 5 1 14 17 11 10 
6 19 1 14 17 11 10 
6 3 19 1 14 17 11 10 
6 5 19 1 14 17 11 10 
6 3 5 19 1 14 17 11 10 
6 12 17 11 10 
6 3 12 17 11 10 
6 5 12 17 11 10 
6 3 5 12 17 11 10 
6 19 12 17 11 10 
6 3 19 12 17 11 10 
6 5 19 12 17 11 10 
6 3 5 19 12 17 11 10 
6 1 12 17 11 10 
6 3 1 12 17 11 10 
6 5 1 12 17 11 10 
6 3 5 1 12 17 11 10 
6 19 1 12 17 11 10 
6 3 19 1 12 17 11 10 
6 5 19 1 12 17 11 10 
6 3 5 19 1 12 17 11 10 
6 14 12 17 11 10 
6 3 14 12 17 11 10 
6 5 14 12 17 11 10 
6 3 5 14 12 17 11 10 
6 19 14 12 17 11 10 
6 3 19 14 12 17 11 10 
6 5 19 14 12 17 11 10 
6 3 5 19 14 12 17 11 10 
6 1 14 12 17 11 10 
6 3 1 14 12 17 11 10 
6 5 1 14 12 17 11 10 
6 3 5 1 14 12 17 11 10 
6 19 1 14 12 17 11 10 
6 3 19 1 14 12 17 11 10 
6 5 19 1 14 12 17 11 10 
6 3 5 19 1 14 12 17 11 10 
6 16 11 10 
6 3 16 11 10 
6 5 16 11 10 
6 3 5 16 11 10 
6 19 16 11 10 
6 3 19 16 11 10 
6 5 19 16 11 10 
6 3 5 19 16 11 10 
6 1 16 11 10 
6 3 1 16 11 10 
6 5 1 16 11 10 
6 3 5 1 16 11 10 
6 19 1 16 11 10 
6 3 19 1 16 11 10 
6 5 19 1 16 11 10 
6 3 5 19 1 16 11 10 
6 14 16 11 10 
6 3 14 16 11 10 
6 5 14 16 11 10 
6 3 5 14 16 11 10 
6 19 14 16 11 10 
6 3 19 14 16 11 10 
6 5 19 14 16 11 10 
6 3 5 19 14 16 11 10 
6 1 14 16 11 10 
6 3 1 14 16 11 10 
6 5 1 14 16 11 10 
6 3 5 1 14 16 11 10 
6 19 1 14 16 11 10 
6 3 19 1 14 16 11 10 
6 5 19 1 14 16 11 10 
6 3 5 19 1 14 16 11 10 
6 12 16 11 10 
6 3 12 16 11 10 
6 5 12 16 11 10 
6 3 5 12 16 11 10 
6 19 12 16 11 10 
6 3 19 12 16 11 10 
6 5 19 12 16 11 10 
6 3 5 19 12 16 11 10 
6 1 12 16 11 10 
6 3 1 12 16 11 10 
6 5 1 12 16 11 10 
6 3 5 1 12 16 11 10 
6 19 1 12 16 11 10 
6 3 19 1 12 16 11 10 
6 5 19 1 12 16 11 10 
6 3 5 19 1 12 16 11 10 
6 14 12 16 11 10 
6 3 14 12 16 11 10 
6 5 14 12 16 11 10 
6 3 5 14 12 16 11 10 
6 19 14 12 16 11 10 
6 3 19 14 12 16 11 10 
6 5 19 14 12 16 11 10 
6 3 5 19 14 12 16 11 10 
6 1 14 12 16 11 10 
6 3 1 14 12 16 11 10 
6 5 1 14 12 16 11 10 
6 3 5 1 14 12 16 11 10 
6 19 1 14 12 16 11 10 
6 3 19 1 14 12 16 11 10 
6 5 19 1 14 12 16 11 10 
6 3 5 19 1 14 12 16 11 10 
6 17 16 11 10 
6 3 17 16 11 10 
6 5 17 16 11 10 
6 3 5 17 16 11 10 
6 19 17 16 11 10 
6 3 19 17 16 11 10 
6 5 19 17 16 11 10 
6 3 5 19 17 16 11 10 
6 1 17 16 11 10 
6 3 1 17 16 11 10 
6 5 1 17 16 11 10 
6 3 5 1 17 16 11 10 
6 19 1 17 16 11 10 
6 3 19 1 17 16 11 10 
6 5 19 1 17 16 11 10 
6 3 5 19 1 17 16 11 10 
6 14 17 16 11 10 
6 3 14 17 16 11 10 
6 5 14 17 16 11 10 
6 3 5 14 17 16 11 10 
6 19 14 17 16 11 10 
6 3 19 14 17 16 11 10 
6 5 19 14 17 16 11 10 
6 3 5 19 14 17 16 11 10 
6 1 14 17 16 11 10 
6 3 1 14 17 16 11 10 
6 5 1 14 17 16 11 10 
6 3 5 1 14 17 16 11 10 
6 19 1 14 17 16 11 10 
6 3 19 1 14 17 16 11 10 
6 5 19 1 14 17 16 11 10 
6 3 5 19 1 14 17 16 11 10 
6 12 17 16 11 10 
6 3 12 17 16 11 10 
6 5 12 17 16 11 10 
6 3 5 12 17 16 11 10 
6 19 12 17 16 11 10 
6 3 19 12 17 16 11 10 
6 5 19 12 17 16 11 10 
6 3 5 19 12 17 16 11 10 
6 1 12 17 16 11 10 
6 3 1 12 17 16 11 10 
6 5 1 12 17 16 11 10 
6 3 5 1 12 17 16 11 10 
6 19 1 12 17 16 11 10 
6 3 19 1 12 17 16 11 10 
6 5 19 1 12 17 16 11 10 
6 3 5 19 1 12 17 16 11 10 
6 14 12 17 16 11 10 
6 3 14 12 17 16 11 10 
6 5 14 12 17 16 11 10 
6 3 5 14 12 17 16 11 10 
6 19 14 12 17 16 11 10 
6 3 19 14 12 17 16 11 10 
6 5 19 14 12 17 16 11 10 
6 3 5 19 14 12 17 16 11 10 
6 1 14 12 17 16 11 10 
6 3 1 14 12 17 16 11 10 
6 5 1 14 12 17 16 11 10 
6 3 5 1 14 12 17 16 11 10 
6 19 1 14 12 17 16 11 10 
6 3 19 1 14 12 17 16 11 10 
6 5 19 1 14 12 17 16 11 10 
6 3 5 19 1 14 12 17 16 11 10 
6 15 11 10 
6 3 15 11 10 
6 5 15 11 10 
6 3 5 15 11 10 
6 19 15 11 10 
6 3 19 15 11 10 
6 5 19 15 11 10 
6 3 5 19 15 11 10 
6 1 15 11 10 
6 3 1 15 11 10 
6 5 1 15 11 10 
6 3 5 1 15 11 10 
6 19 1 15 11 10 
6 3 19 1 15 11 10 
6 5 19 1 15 11 10 
6 3 5 19 1 15 11 10 
6 14 15 11 10 
6 3 14 15 11 10 
6 5 14 15 11 10 
6 3 5 14 15 11 10 
6 19 14 15 11 10 
6 3 19 14 15 11 10 
6 5 19 14 15 11 10 
6 3 5 19 14 15 11 10 
6 1 14 15 11 10 
6 3 1 14 15 11 10 
6 5 1 14 15 11 10 
6 3 5 1 14 15 11 10 
6 19 1 14 15 11 10 
6 3 19 1 14 15 11 10 
6 5 19 1 14 15 11 10 
6 3 5 19 1 14 15 11 10 
6 12 15 11 10 
6 3 12 15 11 10 
6 5 12 15 11 10 
6 3 5 12 15 11 10 
6 19 12 15 11 10 
6 3 19 12 15 11 10 
6 5 19 12 15 11 10 
6 3 5 19 12 15 11 10 
6 1 12 15 11 10 
6 3 1 12 15 11 10 
6 5 1 12 15 11 10 
6 3 5 1 12 15 11 10 
6 19 1 12 15 11 10 
6 3 19 1 12 15 11 10 
6 5 19 1 12 15 11 10 
6 3 5 19 1 12 15 11 10 
6 14 12 15 11 10 
6 3 14 12 15 11 10 
6 5 14 12 15 11 10 
6 3 5 14 12 15 11 10 
6 19 14 12 15 11 10 
6 3 19 14 12 15 11 10 
6 5 19 14 12 15 11 10 
6 3 5 19 14 12 15 11 10 
6 1 14 12 15 11 10 
6 3 1 14 12 15 11 10 
6 5 1 14 12 15 11 10 
6 3 5 1 14 12 15 11 10 
6 19 1 14 12 15 11 10 
6 3 19 1 14 12 15 11 10 
6 5 19 1 14 12 15 11 10 
6 3 5 19 1 14 12 15 11 10 
6 17 15 11 10 
6 3 17 15 11 10 
6 5 17 15 11 10 
6 3 5 17 15 11 10 
6 19 17 15 11 10 
6 3 19 17 15 11 10 
6 5 19 17 15 11 10 
6 3 5 19 17 15 11 10 
6 1 17 15 11 10 
6 3 1 17 15 11 10 
6 5 1 17 15 11 10 
6 3 5 1 17 15 11 10 
6 19 1 17 15 11 10 
6 3 19 1 17 15 11 10 
6 5 19 1 17 15 11 10 
6 3 5 19 1 17 15 11 10 
6 14 17 15 11 10 
6 3 14 17 15 11 10 
6 5 14 17 15 11 10 
6 3 5 14 17 15 11 10 
6 19 14 17 15 11 10 
6 3 19 14 17 15 11 10 
6 5 19 14 17 15 11 10 
6 3 5 19 14 17 15 11 10 
6 1 14 17 15 11 10 
6 3 1 14 17 15 11 10 
6 5 1 14 17 15 11 10 
6 3 5 1 14 17 15 11 10 
6 19 1 14 17 15 11 10 
6 3 19 1 14 17 15 11 10 
6 5 19 1 14 17 15 11 10 
6 3 5 19 1 14 17 15 11 10 
6 12 17 15 11 10 
6 3 12 17 15 11 10 
6 5 12 17 15 11 10 
6 3 5 12 17 15 11 10 
6 19 12 17 15 11 10 
6 3 19 12 17 15 11 10 
6 5 19 12 17 15 11 10 
6 3 5 19 12 17 15 11 10 
6 1 12 17 15 11 10 
6 3 1 12 17 15 11 10 
6 5 1 12 17 15 11 10 
6 3 5 1 12 17 15 11 10 
6 19 1 12 17 15 11 10 
6 3 19 1 12 17 15 11 10 
6 5 19 1 12 17 15 11 10 
6 3 5 19 1 12 17 15 11 10 
6 14 12 17 15 11 10 
6 3 14 12 17 15 11 10 
6 5 14 12 17 15 11 10 
6 3 5 14 12 17 15 11 10 
6 19 14 12 17 15 11 10 
6 3 19 14 12 17 15 11 10 
6 5 19 14 12 17 15 11 10 
6 3 5 19 14 12 17 15 11 10 
6 1 14 12 17 15 11 10 
6 3 1 14 12 17 15 11 10 
6 5 1 14 12 17 15 11 10 
6 3 5 1 14 12 17 15 11 10 
6 19 1 14 12 17 15 11 10 
6 3 19 1 14 12 17 15 11 10 
6 5 19 1 14 12 17 15 11 10 
6 3 5 19 1 14 12 17 15 11 10 
6 16 15 11 10 
6 3 16 15 11 10 
6 5 16 15 11 10 
6 3 5 16 15 11 10 
6 19 16 15 11 10 
6 3 19 16 15 11 10 
6 5 19 16 15 11 10 
6 3 5 19 16 15 11 10 
6 1 16 15 11 10 
6 3 1 16 15 11 10 
6 5 1 16 15 11 10 
6 3 5 1 16 15 11 10 
6 19 1 16 15 11 10 
6 3 19 1 16 15 11 10 
6 5 19 1 16 15 11 10 
6 3 5 19 1 16 15 11 10 
6 14 16 15 11 10 
6 3 14 16 15 11 10 
6 5 14 16 15 11 10 
6 3 5 14 16 15 11 10 
6 19 14 16 15 11 10 
6 3 19 14 16 15 11 10 
6 5 19 14 16 15 11 10 
6 3 5 19 14 16 15 11 10 
6 1 14 16 15 11 10 
6 3 1 14 16 15 11 10 
6 5 1 14 16 15 11 10 
6 3 5 1 14 16 15 11 10 
6 19 1 14 16 15 11 10 
6 3 19 1 14 16 15 11 10 
6 5 19 1 14 16 15 11 10 
6 3 5 19 1 14 16 15 11 10 
6 12 16 15 11 10 
6 3 12 16 15 11 10 
6 5 12 16 15 11 10 
6 3 5 12 16 15 11 10 
6 19 12 16 15 11 10 
6 3 19 12 16 15 11 10 
6 5 19 12 16 15 11 10 
6 3 5 19 12 16 15 11 10 
6 1 12 16 15 11 10 
6 3 1 12 16 15 11 10 
6 5 1 12 16 15 11 10 
6 3 5 1 12 16 15 11 10 
6 19 1 12 16 15 11 10 
6 3 19 1 12 16 15 11 10 
6 5 19 1 12 16 15 11 10 
6 3 5 19 1 12 16 15 11 10 
6 14 12 16 15 11 10 
6 3 14 12 16 15 11 10 
6 5 14 12 16 15 11 10 
6 3 5 14 12 16 15 11 10 
6 19 14 12 16 15 11 10 
6 3 19 14 12 16 15 11 10 
6 5 19 14 12 16 15 11 10 
6 3 5 19 14 12 16 15 11 10 
6 1 14 12 16 15 11 10 
6 3 1 14 12 16 15 11 10 
6 5 1 14 12 16 15 11 10 
6 3 5 1 14 12 16 15 11 10 
6 19 1 14 12 16 15 11 10 
6 3 19 1 14 12 16 15 11 10 
6 5 19 1 14 12 16 15 11 10 
6 3 5 19 1 14 12 16 15 11 10 
6 17 16 15 11 10 
6 3 17 16 15 11 10 
6 5 17 16 15 11 10 
6 3 5 17 16 15 11 10 
6 19 17 16 15 11 10 
6 3 19 17 16 15 11 10 
6 5 19 17 16 15 11 10 
6 3 5 19 17 16 15 11 10 
6 1 17 16 15 11 10 
6 3 1 17 16 15 11 10 
6 5 1 17 16 15 11 10 
6 3 5 1 17 16 15 11 10 
6 19 1 17 16 15 11 10 
6 3 19 1 17 16 15 11 10 
6 5 19 1 17 16 15 11 10 
6 3 5 19 1 17 16 15 11 10 
6 14 17 16 15 11 10 
6 3 14 17 16 15 11 10 
6 5 14 17 16 15 11 10 
6 3 5 14 17 16 15 11 10 
6 19 14 17 16 15 11 10 
6 3 19 14 17 16 15 11 10 
6 5 19 14 17 16 15 11 10 
6 3 5 19 14 17 16 15 11 10 
6 1 14 17 16 15 11 10 
6 3 1 14 17 16 15 11 10 
6 5 1 14 17 16 15 11 10 
6 3 5 1 14 17 16 15 11 10 
6 19 1 14 17 16 15 11 10 
6 3 19 1 14 17 16 15 11 10 
6 5 19 1 14 17 16 15 11 10 
6 3 5 19 1 14 17 16 15 11 10 
6 12 17 16 15 11 10 
6 3 12 17 16 15 11 10 
6 5 12 17 16 15 11 10 
6 3 5 12 17 16 15 11 10 
6 19 12 17 16 15 11 10 
6 3 19 12 17 16 15 11 10 
6 5 19 12 17 16 15 11 10 
6 3 5 19 12 17 16 15 11 10 
6 1 12 17 16 15 11 10 
6 3 1 12 17 16 15 11 10 
6 5 1 12 17 16 15 11 10 
6 3 5 1 12 17 16 15 11 10 
6 19 1 12 17 16 15 11 10 
6 3 19 1 12 17 16 15 11 10 
6 5 19 1 12 17 16 15 11 10 
6 3 5 19 1 12 17 16 15 11 10 
6 14 12 17 16 15 11 10 
6 3 14 12 17 16 15 11 10 
6 5 14 12 17 16 15 11 10 
6 3 5 14 12 17 16 15 11 10 
6 19 14 12 17 16 15 11 10 
6 3 19 14 12 17 16 15 11 10 
6 5 19 14 12 17 16 15 11 10 
6 3 5 19 14 12 17 16 15 11 10 
6 1 14 12 17 16 15 11 10 
6 3 1 14 12 17 16 15 11 10 
6 5 1 14 12 17 16 15 11 10 
6 3 5 1 14 12 17 16 15 11 10 
6 19 1 14 12 17 16 15 11 10 
6 3 19 1 14 12 17 16 15 11 10 
6 5 19 1 14 12 17 16 15 11 10 
6 3 5 19 1 14 12 17 16 15 11 10 
6 9 
6 3 9 
6 5 9 
6 3 5 9 
6 19 9 
6 3 19 9 
6 5 19 9 
6 3 5 19 9 
6 1 9 
6 3 1 9 
6 5 1 9 
6 3 5 1 9 
6 19 1 9 
6 3 19 1 9 
6 5 19 1 9 
6 3 5 19 1 9 
6 14 9 
6 3 14 9 
6 5 14 9 
6 3 5 14 9 
6 19 14 9 
6 3 19 14 9 
6 5 19 14 9 
6 3 5 19 14 9 
6 1 14 9 
6 3 1 14 9 
6 5 1 14 9 
6 3 5 1 14 9 
6 19 1 14 9 
6 3 19 1 14 9 
6 5 19 1 14 9 
6 3 5 19 1 14 9 
6 12 9 
6 3 12 9 
6 5 12 9 
6 3 5 12 9 
6 19 12 9 
6 3 19 12 9 
6 5 19 12 9 
6 3 5 19 12 9 
6 1 12 9 
6 3 1 12 9 
6 5 1 12 9 
6 3 5 1 12 9 
6 19 1 12 9 
6 3 19 1 12 9 
6 5 19 1 12 9 
6 3 5 19 1 12 9 
6 14 12 9 
6 3 14 12 9 
6 5 14 12 9 
6 3 5 14 12 9 
6 19 14 12 9 
6 3 19 14 12 9 
6 5 19 14 12 9 
6 3 5 19 14 12 9 
6 1 14 12 9 
6 3 1 14 12 9 
6 5 1 14 12 9 
6 3 5 1 14 12 9 
6 19 1 14 12 9 
6 3 19 1 14 12 9 
6 5 19 1 14 12 9 
6 3 5 19 1 14 12 9 
6 17 9 
6 3 17 9 
6 5 17 9 
6 3 5 17 9 
6 19 17 9 
6 3 19 17 9 
6 5 19 17 9 
6 3 5 19 17 9 
6 1 17 9 
6 3 1 17 9 
6 5 1 17 9 
6 3 5 1 17 9 
6 19 1 17 9 
6 3 19 1 17 9 
6 5 19 1 17 9 
6 3 5 19 1 17 9 
6 14 17 9 
6 3 14 17 9 
6 5 14 17 9 
6 3 5 14 17 9 
6 19 14 17 9 
6 3 19 14 17 9 
6 5 19 14 17 9 
6 3 5 19 14 17 9 
6 1 14 17 9 
6 3 1 14 17 9 
6 5 1 14 17 9 
6 3 5 1 14 17 9 
6 19 1 14 17 9 
6 3 19 1 14 17 9 
6 5 19 1 14 17 9 
6 3 5 19 1 14 17 9 
6 12 17 9 
6 3 12 17 9 
6 5 12 17 9 
6 3 5 12 17 9 
6 19 12 17 9 
6 3 19 12 17 9 
6 5 19 12 17 9 
6 3 5 19 12 17 9 
6 1 12 17 9 
6 3 1 12 17 9 
6 5 1 12 17 9 
6 3 5 1 12 17 9 
6 19 1 12 17 9 
6 3 19 1 12 17 9 
6 5 19 1 12 17 9 
6 3 5 19 1 12 17 9 
6 14 12 17 9 
6 3 14 12 17 9 
6 5 14 12 17 9 
6 3 5 14 12 17 9 
6 19 14 12 17 9 
6 3 19 14 12 17 9 
6 5 19 14 12 17 9 
6 3 5 19 14 12 17 9 
6 1 14 12 17 9 
6 3 1 14 12 17 9 
6 5 1 14 12 17 9 
6 3 5 1 14 12 17 9 
6 19 1 14 12 17 9 
6 3 19 1 14 12 17 9 
6 5 19 1 14 12 17 9 
6 3 5 19 1 14 12 17 9 
6 16 9 
6 3 16 9 
6 5 16 9 
6 3 5 16 9 
6 19 16 9 
6 3 19 16 9 
6 5 19 16 9 
6 3 5 19 16 9 
6 1 16 9 
6 3 1 16 9 
6 5 1 16 9 
6 3 5 1 16 9 
6 19 1 16 9 
6 3 19 1 16 9 
6 5 19 1 16 9 
6 3 5 19 1 16 9 
6 14 16 9 
6 3 14 16 9 
6 5 14 16 9 
6 3 5 14 16 9 
6 19 14 16 9 
6 3 19 14 16 9 
6 5 19 14 16 9 
6 3 5 19 14 16 9 
6 1 14 16 9 
6 3 1 14 16 9 
6 5 1 14 16 9 
6 3 5 1 14 16 9 
6 19 1 14 16 9 
6 3 19 1 14 16 9 
6 5 19 1 14 16 9 
6 3 5 19 1 14 16 9 
6 12 16 9 
6 3 12 16 9 
6 5 12 16 9 
6 3 5 12 16 9 
6 19 12 16 9 
6 3 19 12 16 9 
6 5 19 12 16 9 
6 3 5 19 12 16 9 
6 1 12 16 9 
6 3 1 12 16 9 
6 5 1 12 16 9 
6 3 5 1 12 16 9 
6 19 1 12 16 9 
6 3 19 1 12 16 9 
6 5 19 1 12 16 9 
6 3 5 19 1 12 16 9 
6 14 12 16 9 
6 3 14 12 16 9 
6 5 14 12 16 9 
6 3 5 14 12 16 9 
6 19 14 12 16 9 
6 3 19 14 12 16 9 
6 5 19 14 12 16 9 
6 3 5 19 14 12 16 9 
6 1 14 12 16 9 
6 3 1 14 12 16 9 
6 5 1 14 12 16 9 
6 3 5 1 14 12 16 9 
6 19 1 14 12 16 9 
6 3 19 1 14 12 16 9 
6 5 19 1 14 12 16 9 
6 3 5 19 1 14 12 16 9 
6 17 16 9 
6 3 17 16 9 
6 5 17 16 9 
6 3 5 17 16 9 
6 19 17 16 9 
6 3 19 17 16 9 
6 5 19 17 16 9 
6 3 5 19 17 16 9 
6 1 17 16 9 
6 3 1 17 16 9 
6 5 1 17 16 9 
6 3 5 1 17 16 9 
6 19 1 17 16 9 
6 3 19 1 17 16 9 
6 5 19 1 17 16 9 
6 3 5 19 1 17 16 9 
6 14 17 16 9 
6 3 14 17 16 9 
6 5 14 17 16 9 
6 3 5 14 17 16 9 
6 19 14 17 16 9 
6 3 19 14 17 16 9 
6 5 19 14 17 16 9 
6 3 5 19 14 17 16 9 
6 1 14 17 16 9 
6 3 1 14 17 16 9 
6 5 1 14 17 16 9 
6 3 5 1 14 17 16 9 
6 19 1 14 17 16 9 
6 3 19 1 14 17 16 9 
6 5 19 1 14 17 16 9 
6 3 5 19 1 14 17 16 9 
6 12 17 16 9 
6 3 12 17 16 9 
6 5 